0.001034338658	0.0001144592844	0.002279141353	0.1977824185	3.591118337	0.3371780056	0.003417624467	5.671078898e-05	0.0001519911083	1.134334022e-06	0.0004988238547	155.3656081	54.25682035	3.975462179e-16	6738
0.06623909184	0.004855310503	0.06149733628	0.1136890075	9.888090087	4.101127071	0.05826340937	0.000143029368	1.544048016e-05	2.169031627e-06	0.000277838718	600.732409	184.9081652	4.427822266e-12	18189
0.6233348487	7.297054755	10.13596501	0.0004299630006	0.0001370415919	0.006623909184	0.5194485305	6.108347752e-05	5.800171837e-05	0.0001938161799	5.010744383e-06	618.5159869	269.2319617	2.363682483e-09	18878
0.1249609141	0.8408745007	0.310934292	0.01327905456	0.001272314071	0.01318969048	0.04631153218	4.185052203e-05	0.0004811793048	3.230623981e-05	5.288867158e-06	481.6368494	148.6076416	5.739502118e-12	26555
0.9474135449	1.476081916	0.8561528755	0.0004185052204	0.0001986747693	0.003607320674	0.1027377867	1.178579136e-05	3.060736918e-05	7.182985427e-06	5.683857828e-06	839.9468463	146.6522779	6.268813336e-13	248031
0.2734954758	0.00100451178	0.6897785379	0.6318100216	2.533462994	16.70605475	2.556375422	0.0008717088528	3.088417967e-05	1.241199644e-06	4.800974765e-05	652.3773025	198.2716571	2.856555133e-10	556551
0.003833343281	0.000248825238	0.002505111032	0.01811609194	0.07313497583	0.04822635708	0.008677935589	0.005865816132	0.0007346494476	7.667485819e-05	0.0005972395817	484.0122009	198.2899107	1.510415846e-15	586516
0.00248825238	0.0001119117934	0.02591133183	0.1951293423	1.379700896	5.229679491	0.1160155302	9.326033462e-05	3.440779892e-05	1.197295550e-06	6.944519932e-05	391.8303011	50.62650859	1.808020034e-14	653242
0.007329977462	0.0001310092779	0.00106985646	0.7134646073	6.975852079	0.3607320674	0.007684763358	0.0003781922369	0.0001506288337	8.677935589e-06	0.001890764071	107.5172282	67.00311568	2.015656161e-14	804843
0.5090317459	2.341539381	4.270694776	0.001873817423	0.0005787131397	0.009932702976	0.07429639508	4.844394381e-05	4.046114077e-05	6.759460328e-05	3.790444369e-06	274.6595276	38.73219086	1.020926164e-10	824474
0.003172972263	0.0001586320756	0.003464092201	0.2115987981	0.4427298533	0.1382809847	0.1129239143	0.009624589366	0.0006476482531	8.855520163e-05	0.0002493859287	932.6267884	558.7776977	3.420556784e-14	946890
0.03026484238	0.0001011317647	0.004018884933	0.9097965414	4.397504131	5.37285696	0.2828869435	0.004338515504	0.0002120756045	0.0001246799664	0.008815745457	155.0065756	108.5855151	5.072754689e-11	960017
0.1727971825	0.09159606842	17.87308058	0.6318100216	0.0004673036982	0.7895155785	0.1013596501	2.999358292e-05	0.000550754389	4.589644853e-05	1.175929354e-06	922.7461939	36.99488816	4.661566004e-09	1040930
0.9474135449	9.242445562	4.328761281	0.002357404008	0.0001551014421	0.03534981105	0.2753484892	7.771736799e-06	0.0001973377473	9.777432557e-05	1.674369936e-05	675.9520758	108.7752519	2.179040979e-08	1314444
0.008056721617	0.0004673036982	0.2341539381	0.5905558787	1.890764071	17.39679349	1.799417603	6.729100108e-05	2.233436488e-05	1.333896674e-06	2.443848567e-05	933.7058566	220.3938204	1.663860098e-12	1370912
0.05265112129	6.163591138	5.300784834	0.2626363528	0.0001131783715	0.006026409666	0.0378192237	5.300784830e-06	0.009821546183	0.002346815692	1.600667309e-05	799.0122049	328.6802593	1.779873606e-07	1468874
0.01459563096	0.0001224550048	0.01411107556	0.5826340937	0.5067454219	1.034338658	0.03731191225	0.001385925803	0.00873673119	6.163591138e-06	0.004027940893	150.4884554	78.5764305	4.754478590e-12	1507718
0.0001561523006	0.0003081474323	0.002573695628	0.248825238	6.897785379	1.44974067	0.02421944701	0.001126700292	0.003550930163	7.806801165e-05	0.003456303934	899.4579362	213.5739491	9.190106330e-13	1566388
0.30061169	0.3739598909	0.02734954758	0.01540576555	0.0001568568255	0.003859315324	0.001041346611	0.0006491076324	0.009646276943	0.003425325576	0.0004166254978	179.0313376	20.51718337	2.639204634e-10	1601836
0.5748185724	6.094614444	133.6902412	0.6759460328	0.0009711633345	0.4538282178	0.0816626484	1.025068029e-06	9.263272039e-05	0.0003386992787	4.147542179e-06	465.9057358	14.37795974	4.178548386e-06	1619920
0.6491076321	0.001907863984	0.4073527706	0.7134646073	0.1882271675	4.101127071	0.4599986936	0.005905558784	0.005136353865	1.243996502e-05	0.0009711633345	878.9363134	364.9550335	1.000211873e-08	1629704
0.08333378626	0.0001551014421	0.03938292042	0.8975924251	0.006505702997	0.06944519932	0.04694120698	9.097965415e-05	3.201668359e-05	1.321941148e-06	1.811609194e-06	485.6825312	210.1336061	2.252815374e-17	1667832
0.007948647819	0.0002352103892	0.08056721617	0.444727353	5.761138406	103.4338658	0.8446683416	5.276976277e-05	5.735262164e-06	7.581679052e-06	0.0003607320674	834.6791409	167.9136517	1.054310537e-11	1831395
0.09159606842	0.117328553	0.1275181042	0.01604274175	0.000183624074	0.01681924325	0.009284145445	2.233436490e-05	0.001622430784	0.0001339914923	8.697490026e-05	440.1701622	48.7676921	3.304143490e-12	1868523
0.06623909184	0.0001678142879	0.030061169	0.1823883387	2.421944701	1.106593895	0.1648195779	0.002893264073	0.0001852847548	1.382809847e-06	0.0004641588834	368.1388366	218.0017967	1.282194708e-12	1882687
0.838983975	2.965792499	21.3032443	0.01208123792	0.0001370415919	0.01659362797	0.1861207189	1.224550047e-05	0.0002139935986	0.0008484792995	4.757944314e-05	950.8927825	123.2757073	5.850611763e-08	2100660
0.08915518953	0.0007086632028	0.2438354098	0.248825238	0.07070699259	1.873817423	0.2045740014	0.003137463557	0.0002985886628	6.698876250e-05	0.0002279141353	680.7811657	117.8556761	4.189499115e-11	2119780
0.01739679349	0.001050764463	0.03088417967	0.7736829921	2.26380341	2.059600512	0.01199993478	0.0002009233003	0.0004358089929	7.054802311e-06	0.000741293556	813.7312514	123.355756	6.432811250e-12	2204802
0.006067240388	0.4631153218	1.681924325	0.04477405135	0.0001622430784	0.03088417967	0.02734954758	2.198522869e-05	0.0011216397	0.0007966558915	1.929456515e-06	921.5449847	308.5466292	1.178657631e-10	2272140
0.1489431477	0.0001144592844	0.01873817423	0.06991571125	0.3194470096	0.7684763358	0.05826340937	0.003194470093	0.0001170647649	1.057883705e-05	0.00230493587	713.7989587	475.9206548	7.143275857e-13	2310878
0.006233348487	0.0003859315324	0.09221665909	0.06897785379	0.3194470096	0.4073527706	0.02059600512	6.897785383e-05	4.704698201e-06	1.946906359e-06	9.932702976e-06	964.6259356	70.89007416	4.727182332e-16	2416151
0.6579332247	4.110368351	0.5945570709	0.1034338658	0.002614567175	0.01593477887	0.04046114077	0.0001060267489	0.0009799464547	2.674083570e-05	1.000000000e-06	343.1290616	103.5653493	6.307335978e-10	2539365
0.5905558787	1.165389667	0.106985646	0.008619535665	0.0002031972792	0.02389456454	0.04213407181	4.280318152e-05	0.0003237903712	7.530656608e-05	6.805257687e-06	375.9074236	171.0936355	2.529385978e-11	2642401
0.002734954758	0.0007930776993	0.07231652295	0.1249609141	6.520362631	3.216113583	0.003194470096	7.513725543e-05	4.194482597e-05	5.433665058e-06	0.000545818056	849.1227525	13.80647076	6.801215219e-13	2706881
0.30061169	1.219049962	66.23909184	0.08446683416	0.0005113283852	0.1041346611	0.07134646073	0.0001330897695	0.001430293681	0.0004128913429	6.623909184e-06	806.4028534	22.91874046	1.061135567e-06	2786416
0.0008111308308	0.0002602823806	0.04757944314	0.6404004271	8.73673119	1.823883387	0.01775280007	0.0003790444369	7.736829921e-05	4.631153218e-05	0.0004018884933	588.9776173	16.13695047	1.774554797e-12	2820239
0.6759460328	1.126700291	0.03631761347	0.006067240388	0.0003859315324	0.003194470096	0.005557353658	9.888090088e-05	0.0005409259667	0.0001869604547	3.902993693e-05	616.6155896	215.8757276	5.435652557e-12	2827787
0.04855310503	0.3615449234	0.06579332247	0.4387617288	0.0001659362797	0.001912163072	0.003237903712	1.249609141e-06	0.002346815692	1.126700291e-05	1.074683417e-06	145.9803145	33.8204014	4.611586730e-14	2899323
0.006851365337	0.0001533657032	0.002471507182	0.3046989571	1.526768588	1.283820774	0.03130409645	0.0001099146848	7.007325591e-05	1.077105056e-05	0.0015371129	394.5305376	276.5579986	9.13677565e-15	2901984
0.1062656644	1.348993246	82.21593719	0.7329977462	0.0001678142879	0.2867332161	0.1670605475	1.597068552e-05	0.001062656644	0.003216113583	3.859315324e-06	678.1312486	153.0716247	1.029673932e-05	2977966
0.007038941104	0.000119729555	0.1310092779	0.09799464547	0.9516880666	77.8924925	0.01615143611	7.806801173e-05	6.759460328e-05	1.096675652e-05	0.00542144863	664.4926407	23.3863299	3.182000505e-11	3079840
0.1355079607	1.670605475	2.357404008	0.01964514017	0.0007930776993	0.1144592844	0.1459563096	1.224550048e-06	3.664606693e-05	3.349088980e-05	3.281927873e-06	972.3898646	244.377532	4.848252348e-11	3246021
0.001509682534	0.000149952282	0.003558931656	0.09284145445	0.395606075	0.03394624872	0.007581679052	0.004082706795	0.002106483988	0.000157564529	0.003487562459	978.2862687	539.2718213	1.248960088e-14	3455554
0.04662530662	0.686680387	0.1275181042	0.001489431477	0.0002125534853	0.002753484892	0.004538282178	1.313044877e-05	6.820592323e-05	2.400237156e-05	1.208123792e-06	741.7471022	133.8622712	1.664911344e-14	3507437
0.005595006385	0.002828869435	0.01392178795	0.8056721617	0.2522083906	0.05445909014	0.009036738814	0.0001324919944	0.001025068028	2.331022320e-06	1.116601838e-05	969.7108607	232.7601731	1.642428615e-15	3512006
0.01561523006	0.0001266599453	0.02522083906	0.3631761347	3.973909627	1.489431477	0.008002502278	5.620249825e-05	5.632914222e-06	8.523074516e-06	0.001152347802	535.7201242	90.66287095	3.652001994e-14	3580920
0.05265112129	0.000144974067	1.318969048	0.2115987981	6.594157794	248.825238	0.08855520163	0.0001783289681	8.756418114e-06	9.410377337e-06	0.005229679491	697.4168535	18.6153051	7.069264052e-09	3641777
0.8619535665	8.73673119	0.1175929354	0.01964514017	0.0007667485819	0.005194485305	0.002045740014	0.0002620458715	0.002325781518	0.004138217322	0.0001414287277	962.2626021	168.52567	2.344747773e-08	3665408
0.02573695628	0.7948647819	0.4599986936	0.1392178795	0.0002078227368	0.00162608669	0.006360907228	8.240119860e-06	0.006094614444	4.757944314e-05	1.700959751e-06	718.4052564	137.8953195	3.815335137e-12	3729697
0.002031972792	0.0001011317647	0.01925118547	0.03859315324	2.139935986	10.41346611	0.1114091398	0.000122730939	1.373503948e-05	1.597068552e-06	0.0001991224534	690.4467212	128.5033875	1.777780897e-14	3789314
0.7038941104	5.50754389	25.05111032	0.5595006385	0.001611512307	0.04954669186	0.1208123792	1.055505282e-05	0.00286088558	0.0001519911083	1.516493889e-05	768.7211722	32.05874228	1.184863189e-06	4060862
0.6404004271	4.20393424	33.71780056	0.03371780056	0.000838983975	0.778924925	1.232846739	0.003180122085	0.006975852079	0.004027940893	3.349088980e-05	834.5668146	131.9113724	0.001843997359	4106078
0.05336699231	0.03558931656	0.7895155785	0.1034338658	0.0001119117934	0.1208123792	0.05229679491	5.620249826e-05	0.001681924325	0.0003267187043	1.586320756e-05	480.3265823	90.08880387	7.397028505e-11	4141381
0.6233348487	2.999358292	36.56367612	0.7948647819	0.0006851365337	0.6713971172	0.08736731189	3.311609355e-05	0.002346815692	0.002223404974	2.822509330e-05	222.2410952	7.799317645	0.0002173134709	4400306
0.1266599453	0.3019679838	0.6805257687	0.01208123792	0.0003334046495	0.02556375422	0.1364260675	0.0001348993245	0.0009888090087	3.798985572e-05	3.223360617e-06	643.4607456	196.979462	2.291663497e-11	4433129
0.378192237	1.955690372	1.249609141	0.05194485305	0.0001022763383	0.04631153218	0.5056061137	6.897785377e-06	0.001456281582	5.113283852e-05	4.110368351e-06	750.5860159	397.2391911	2.955204316e-09	4448611
0.8619535665	4.497606202	0.3706081418	0.023101297	0.0005722367659	0.003558931656	0.01336902412	5.482806671e-05	0.0005265112129	0.001072267222	4.888206679e-05	637.1879836	248.0296031	1.274252043e-09	4588884
0.08333378626	0.4377752673	62.75581282	0.3833343281	0.000248825238	0.5265112129	0.1459563096	0.0001878039792	0.005774120275	0.005985853723	2.274017193e-05	744.7297488	69.25312711	3.657094563e-05	5125657
0.2848035868	2.562135834	0.2248568686	0.02405645734	0.000741293556	0.02454874674	0.02115987981	4.528078822e-05	0.001081964717	0.0001013596501	8.295949127e-06	326.5875704	69.12047154	3.704706721e-10	5178805
0.3681140593	0.1084402764	1.336902412	0.1411107556	0.0001942529158	0.02357404008	0.1041346611	6.332337111e-06	6.012860579e-05	5.748185724e-05	2.550627961e-06	120.9068983	60.20004519	2.615393298e-12	5290741
0.2848035868	0.282250933	0.5482806671	0.08915518953	0.0008975924252	0.1648195779	0.07736829921	0.0001091749915	0.0002539171776	4.427298533e-05	1.046044938e-06	402.7237311	92.81320169	4.955119684e-11	5317082
0.8855520163	0.07650247125	0.9668013394	0.248825238	0.0003151619104	0.02173919218	0.06233348487	0.0003672864339	0.002346815692	0.002686148447	0.0002516413542	295.3832506	107.8271764	2.797994552e-09	5374390
0.5229679491	1.509682534	4.156888049	0.6944519932	0.0004082706795	0.01951293423	0.3656367612	6.346606093e-05	0.001637103912	0.0002082910344	1.094210012e-06	157.8119184	117.7783427	1.964991091e-08	5431277
0.6404004271	1.633423236	137.3503948	0.2357404008	0.0001678142879	0.4538282178	0.8915518953	0.0004641588832	0.0006080912013	0.004866251223	1.779280337e-06	425.2981528	191.7167946	0.0001699834169	5523577
0.002087603873	0.0001131783715	0.1275181042	0.8619535665	2.213418516	33.26550608	0.02965792499	1.523335979e-05	5.288867158e-06	6.683815266e-06	0.0001099146847	899.9646886	8.771891411	3.393931890e-13	5590678
0.06275581282	0.06913328513	0.1310092779	0.002389456454	0.0001339914923	0.001964514017	0.01266599453	4.599986937e-05	0.0001708634107	4.232417148e-05	8.002502278e-06	727.2409154	220.9246087	5.776062337e-15	5604455
0.001509682534	0.0001034338658	0.008677935589	0.07086632028	0.05774120275	0.06404004271	0.004185052204	0.003364199335	0.00056076139	0.0008184666304	0.001622430784	690.4261372	80.70256097	9.762284039e-15	5671000
0.02985886628	0.0005470479759	0.1716343089	0.6668788144	2.620458714	42.41954271	0.5482806671	2.803514683e-05	3.964975145e-06	3.252512422e-06	9.865858841e-05	820.2598881	161.4837418	5.128661055e-12	5731727
0.01	0.3868011718	0.3964975145	0.0310934292	0.0005722367659	0.002101748011	0.00149952282	0.0002050349784	0.001697135508	0.003991839034	1.572102790e-05	621.860808	168.5008253	1.175158181e-11	5989848
0.009474135449	0.0001011317647	0.06851365337	0.3681140593	0.5360777245	10.84402764	0.002438354098	6.177479875e-05	0.0006303895325	2.716549327e-06	0.00378192237	601.4199996	15.28869789	3.343645909e-12	6102380
0.6944519932	0.9410377337	200.4715674	0.2662072882	0.0003448533178	0.149952282	0.04569030392	4.000834048e-05	6.012860579e-05	0.001759368426	2.527767047e-06	583.7774957	48.58307389	8.036494920e-07	6153269
0.05945570709	0.0006122112004	0.1861207189	0.8619535665	1.427077973	2.522083906	0.3417624467	0.008295949128	0.00873673119	5.194485305e-06	0.0008795925148	443.0618891	132.6024604	1.622522569e-09	6284606
0.1530208934	0.000183624074	0.1310092779	0.1873817423	0.6418434743	24.05645734	0.6991571125	0.001352033002	7.199171217e-05	8.600156491e-06	0.001307147317	460.6661496	231.769062	1.651841402e-10	6559127
0.1799417603	7.719435321	22.48568686	0.1077105056	0.002734954758	0.02144758013	0.1	1.873817420e-05	0.0001678142879	0.0003672864339	1.946906359e-06	744.3092598	273.0496638	2.050390041e-08	6673508
0.4046114077	0.0004367910237	0.2341539381	0.6579332247	0.9097965414	28.28869435	2.031972792	0.004203934242	0.0002959124552	9.077510594e-06	0.0008184666304	522.9713459	276.8797695	5.901510272e-09	6691046
0.4631153218	2.022846155	2.926009015	0.04185052204	0.001062656644	0.1208123792	0.06579332247	0.0001469452069	0.0003479721424	0.0002178817821	2.999358292e-06	248.7064344	28.53764054	2.246761298e-08	7054881
0.009733517067	0.001456281582	0.02357404008	0.1199993478	0.4091906568	0.6991571125	0.1084402764	0.0003046989573	6.820592323e-05	1.096675652e-05	5.595006385e-05	750.5689369	257.0138545	3.566520081e-14	7178284
0.2556375422	0.0001755412864	0.1129239143	0.5826340937	0.4046114077	18.61207189	0.9284145445	0.000170095975	1.232846739e-05	2.130324430e-06	0.0001561523006	221.8979022	122.8415791	4.528871820e-12	7215365
0.01439984347	0.1283820774	0.3607320674	0.006149733628	0.0001986747693	0.01681924325	0.006275581282	0.0001361193427	0.001977824185	0.002522083906	0.0001327905456	739.4950616	92.11946275	3.759634073e-11	7247863
0.03656367612	0.05217921681	0.1459563096	0.03706081418	0.000248825238	0.006713971172	0.006623909184	2.965792499e-06	8.855520163e-05	1.704792611e-05	2.394840739e-06	317.2797774	59.67247806	1.735346267e-15	7339970
0.1925118546	0.2384084275	0.3756471158	0.04128913429	0.0002460406369	0.02421944701	0.09865858841	0.0003885463335	0.004822635708	0.00378192237	0.0002258713734	512.1483332	330.1753688	3.801644591e-09	7520532
0.01991224534	0.0004888206679	0.09602950541	0.6404004271	0.07396269167	2.26380341	0.04328761281	0.000391178851	0.0008875474761	1.951293423e-05	0.0002082910344	278.9181831	21.10248622	3.983587925e-12	7610697
0.00226380341	0.0004999478801	0.003281927873	0.3731191225	0.07736829921	0.01199993478	0.001604274175	7.530656604e-05	0.0001258075616	2.000208501e-06	3.137463558e-06	410.9061709	62.09987534	1.128480741e-18	7828006
0.1062656644	0.3495421162	1.637103912	0.03326550608	0.0001238409073	0.002248568686	0.009668013394	3.386992789e-06	2.154434690e-05	0.0001938161799	1.395315863e-06	258.801406	101.4137484	1.958952295e-13	7882784
0.009097965414	0.000381612576	0.001787308059	0.248825238	0.5865816134	0.02591133183	0.01034338658	0.0001459563095	1.313044878e-05	1.731865552e-06	8.756418114e-06	671.4328685	386.1215457	4.256001892e-18	8074323
0.008736731189	0.0002848035868	0.003281927873	0.1199993478	0.1084402764	0.3656367612	0.05229679491	0.0002585307578	0.0001771288672	2.972475472e-06	5.645607156e-05	502.4276122	304.8693945	3.741368867e-16	8126483
0.2662072882	1.089295351	4.757944314	0.5671078895	0.0003081474323	0.01249609141	0.08736731189	2.477076356e-05	0.005182806621	0.0003386992787	9.410377337e-06	511.9635462	161.4429867	2.413460554e-08	8205363
0.01670605475	0.0005171154194	0.03938292042	0.2325781518	4.548508522	0.3911788509	0.04631153218	0.003137463557	0.0001022763383	4.232417148e-05	0.0008717088527	509.04069	161.1244134	3.993828234e-12	8586625
0.005445909014	0.00157564529	0.01637103912	0.4507740889	2.533462994	4.270694776	0.02886759191	0.0001459563095	5.206190305e-05	2.579495068e-05	0.0001787308059	852.9369169	36.49543161	6.307939452e-13	8612701
0.1232846739	0.005495161361	0.02059600512	0.5748185724	4.018884933	7.530656608	0.04213407181	0.002041140606	0.00286088558	7.446381095e-06	0.001637103912	741.5722955	279.1061526	7.856653502e-10	8626457
0.001249609141	0.0004222901467	0.002945833598	0.9733517067	3.885463336	0.2405645734	0.001811609194	7.412935560e-05	0.000741293556	1.275181042e-06	0.0001506288337	595.0195723	88.64387046	2.967432443e-15	8650759
0.003731191225	0.0002101748011	0.005409259667	0.8503912214	0.3341559273	0.5787131396	0.0838983975	0.001292519043	0.001392178795	0.0001618783097	0.00121630919	167.029099	72.6455017	5.239841907e-13	8748567
0.02101748011	0.0003859315324	0.01469452071	0.6851365337	8.73673119	8.16626484	0.030061169	0.000161514361	0.0003386992787	3.194470096e-06	0.004652047964	51.04218421	20.49280889	1.876314856e-11	8854395
0.3216113583	6.975852079	0.1540576555	0.05482806671	0.000377341953	0.001175929354	0.00207355492	3.807546023e-05	0.0004683566976	0.0003706081418	1.446481240e-06	182.1932013	86.53521381	6.202520312e-11	8873918
0.8619535665	0.201376051	0.05519954321	0.6668788144	0.0007166836028	0.004921325737	0.02087603873	1.364260676e-05	0.007038941104	3.165838517e-06	7.513725545e-06	606.5748849	194.5505302	7.477221973e-13	8931209
0.001062656644	0.0002198522868	0.02965792499	0.0747997753	0.7346494476	0.6623909184	0.011216397	0.0001011317647	0.0002027404338	1.526768588e-06	0.0001453007445	652.8232795	59.37594794	4.003490372e-15	9108661
0.06360907228	1.509682534	11.44592844	0.2357404008	0.001540576555	0.06668788144	0.07038941104	6.549781075e-05	0.001925118547	0.001443229138	1.168015700e-05	464.7012722	108.0196059	1.459657273e-07	9150411
0.03511191734	0.0002198522868	0.07530656608	0.4213407181	0.9410377337	0.8221593719	0.01530208934	0.003672864339	0.009057101762	2.573695628e-06	0.00226380341	787.7107629	95.2473757	3.991815225e-11	9235742
0.02608688883	0.000144974067	0.1055505281	0.1615143611	2.932602341	11.91917879	0.005124805877	0.0001629750835	3.973909627e-05	2.790922652e-06	0.002223404974	402.8439117	7.85323614	8.939914424e-12	9352973
0.005159527965	0.0001280934379	0.03259841475	0.5229679491	0.1502901771	0.4073527706	0.1327905456	0.002223404971	0.001775280007	0.0001401611222	0.001295431542	738.9250164	395.2083274	1.493544403e-12	9355048
0.0207355492	0.001929456515	0.00778924925	0.3216113583	4.064369254	0.1763332901	0.00778924925	0.001067451117	0.0005865816134	2.378724173e-05	0.001775280007	968.2621319	397.1347092	1.054926210e-12	9374002
0.2772140573	0.00778924925	0.08056721617	0.7736829921	0.7429639508	0.2045740014	0.03681140593	0.001230074948	0.0003639944981	4.877216597e-06	4.932415213e-05	926.1338395	227.845024	3.303289131e-12	9725507
0.01811609194	0.0003116349362	0.003706081418	0.3088417967	0.8600156491	0.2188648168	0.03991839034	0.0002608688883	3.259841475e-05	2.867332161e-06	5.800171837e-05	848.7754873	564.0998494	1.005839708e-15	9762841
0.005445909014	0.0004673036982	0.01106593895	0.0778924925	2.562135834	2.059600512	0.009932702976	0.001022763383	6.698876250e-05	0.0001235624776	0.003102352231	395.546716	31.0877555	1.645064044e-12	9773726
0.01811609194	0.0002405645734	0.183624074	0.5985853723	4.299630006	378.192237	0.06579332247	0.0001050764463	0.0001414287277	8.600156491e-06	0.006261471985	390.4827981	17.19920902	4.951115762e-09	9999623
0.502203535	0.0003689435496	0.4538282178	0.7134646073	2.591133183	404.6114077	1.637103912	0.001955690372	8.776149400e-05	7.719435321e-06	0.00171248426	724.4409755	156.7927535	1.358829780e-07	10094085
0.1951293423	0.002734954758	0.03833343281	0.4631153218	0.000144974067	0.01411107556	0.0444727353	0.001492787691	0.003158720809	3.697749090e-05	1.747528400e-06	974.9059167	694.9279121	1.737758892e-14	10131240
0.04538282178	0.7598763238	1.106593895	0.2772140573	0.002416499479	0.03833343281	0.005945570709	4.270694778e-06	0.0004517898413	6.579332247e-05	3.623596112e-06	594.8636692	29.82435232	2.758703210e-11	10163770
0.002809831985	0.0001210846119	0.01704792611	0.01964514017	3.550930163	10.99146847	0.03304163912	7.166836026e-05	7.446381095e-06	2.893264073e-06	0.001260910502	420.3467803	106.1208882	3.307706572e-14	10200172
0.0005056061137	0.0001385925803	0.007379640245	0.007530656608	0.8314642814	1.873817423	0.004662530662	5.658328691e-05	5.999341954e-06	1.611512307e-06	6.882277191e-05	977.6722371	30.61434042	5.035148369e-17	10207662
0.4213407181	1.955690372	0.4921325737	0.008975924252	0.001124167148	0.02591133183	0.04156888049	3.194470095e-05	0.0004437274792	7.650247125e-06	2.867332161e-06	923.8483065	99.59325301	3.282161491e-11	10225621
0.0009932702976	0.0002945833598	0.006897785379	0.2059600512	0.230493587	0.2341539381	0.002608688883	7.166836030e-05	0.001443229138	3.433044037e-06	0.0002608688883	505.7555345	72.6400669	1.324619925e-15	10322591
0.00502203535	0.0003689435496	0.003067633834	0.2698267758	1.101623611	0.08619535665	0.01249609141	0.0002284277059	0.0001376598935	3.223360617e-06	0.0001079532152	255.28678	141.7136647	5.321385390e-16	10373011
0.002454874674	0.0007930776993	0.01411107556	0.1301276244	2.068892977	1.727971825	0.00201829822	0.0007070699256	0.002183727463	2.722670667e-05	0.004138217322	336.7668628	12.12398855	6.212538664e-12	10529150
0.4213407181	0.08855520163	0.3326550608	0.816626484	0.0001131783715	0.02115987981	0.213032443	1.376598934e-06	0.0002471507182	1.077105056e-05	1.275181042e-06	214.9150511	159.0964832	4.890063066e-13	10613609
0.003938292042	0.0001417474163	0.002867332161	0.816626484	0.7023115557	4.328761281	0.08503912214	3.487562461e-05	1.615143611e-05	2.036551541e-06	2.253635501e-05	272.6619415	40.21094332	6.357830218e-16	10652084
0.004954669186	0.0002173919218	0.02662072882	0.4569030392	0.02626363528	0.2405645734	0.02522083906	0.0006960168375	0.0003947166398	3.033303970e-05	2.253635501e-05	982.6116606	108.6934632	7.574685172e-15	10695724
0.023101297	2.068892977	10.84402764	0.01327905456	0.0001401611222	0.03304163912	0.02144758013	7.824392634e-05	0.008129585935	0.003334046495	4.082706795e-05	793.7917074	30.40453031	4.400935392e-07	11017013
0.02188648168	3.550930163	3.78192237	0.01479408047	0.0008295949127	0.01727971825	0.04888206679	3.656367612e-05	0.001622430784	0.001072267222	1.644490165e-05	968.9504575	263.9807842	7.294895061e-09	11212754
0.5229679491	4.348291701	104.8402045	0.3731191225	0.0002945833598	0.0334908898	0.5265112129	2.932602338e-05	0.001637103912	0.000545818056	2.893264073e-06	245.8859864	74.09264408	5.281249577e-06	11214730
0.006149733628	0.0009389220126	0.0226380341	0.7948647819	7.984510371	58.65816134	0.1561523006	0.0002027404338	0.0008875474761	1.735768054e-05	0.004999478801	903.4104118	304.9671397	5.169396536e-10	11313407
0.0005336699231	0.0004620741066	0.001401611222	0.9474135449	3.172972263	0.3911788509	0.02926009015	0.002394840739	0.005671078895	6.067240388e-05	0.0005557353658	593.2836594	165.7561878	2.838044107e-13	11340910
0.004507740889	0.000106985646	0.008677935589	0.2004715674	1.395315863	18.11609194	0.1648195779	0.0001129239142	0.0001022763383	1.104105956e-06	0.0002932602341	450.4026111	187.6168299	8.907725627e-14	11517102
0.4156888049	2.000208501	0.7086632028	0.04185052204	0.0006851365337	0.142066823	0.06491076321	0.0002873793269	0.003648147056	0.0003326550608	1.436746852e-05	350.4263989	48.23231266	7.766584191e-08	11608546
0.06535055299	0.0001622430784	0.2716549327	0.1637103912	0.2919430512	2.203476912	0.3194470096	0.004467338653	0.000149278769	8.523074516e-06	0.0002045740014	725.4786398	147.1707755	1.243883834e-11	11619775
0.1183896626	3.208882843	0.4358089929	0.00502203535	0.0001310092779	0.002248568686	0.003558931656	3.876727708e-06	6.233348487e-05	0.0002471507182	3.824724832e-06	83.88059318	17.56892703	4.264437651e-12	11792615
0.02373376123	2.835243871	4.213407181	0.0162608669	0.0004943529677	0.03259841475	0.03731191225	0.001022763384	0.007496832547	0.006039989284	1.126700291e-05	909.1139719	231.6976176	3.978637087e-07	11949764
0.07684763358	0.0001533657032	0.006275581282	0.6149733628	0.1607889168	0.8561528755	0.04822635708	3.920603142e-05	9.843677577e-06	4.338515501e-06	0.0001427077973	308.7501055	182.4636795	8.27209243e-16	12030197
0.838983975	0.007877405224	0.6623909184	0.9602950541	9.347048299	30.26484238	1.020463919	0.0008203109227	8.776149400e-05	1.899294783e-05	0.002106483988	690.0180005	319.623551	1.816521994e-07	12140495
0.002144758013	0.0001659362797	0.008333378626	0.334908898	3.067633834	20.1829822	0.09865858841	0.001685714291	0.001727971825	5.194485305e-06	0.0006303895325	736.3685057	76.84404717	8.568983379e-12	12213565
0.7429639508	0.1199993478	0.06579332247	0.06805257687	0.0005985853723	0.002438354098	0.008446683416	0.0003868011718	0.002223404974	0.0006080912013	0.0001903574562	617.5501931	196.9264287	6.705090037e-12	12293923
0.04073527706	0.000377341953	0.1716343089	0.2926009015	0.05101787732	1.392178795	0.05090317459	0.0005813241662	0.0006774691767	2.193579962e-05	0.0004811793048	370.2043882	48.75570403	4.746347904e-12	12542583
0.05709502145	1.49278769	0.3067633834	0.0009284145445	0.0001604274175	0.008002502278	0.006713971172	0.0001165389668	0.000304013907	0.0003807546021	6.564540032e-06	471.3957854	67.20359005	2.133555586e-11	12596889
0.1659362797	0.0005532392718	0.0502203535	0.6404004271	0.6491076321	0.3151619104	0.3859315324	0.003304163911	0.0001803472323	2.867332161e-06	4.757944314e-05	596.0775874	414.4504687	7.118740575e-13	12643899
0.0778924925	1.139451888	0.4988238547	0.005748185724	0.0003991839034	0.003417624467	0.02389456454	0.002064241515	0.004367910237	0.0007086632028	7.118605354e-06	520.8020987	247.1829437	4.340609923e-10	12858293
0.0006191399907	0.0001735768054	0.02389456454	0.5090317459	4.397504131	0.142066823	0.001129239143	0.002341539381	0.0004055231393	0.0003095377258	0.001651909743	994.112995	17.17893602	6.509430680e-13	12958576
0.007736829921	0.0001551014421	0.04569030392	0.1925118546	2.315335234	7.948647819	0.030061169	0.0003252512424	0.0001060267489	1.720210613e-05	0.003364199333	326.9923949	47.75419336	9.771197875e-12	13284693
0.0106985646	0.001050764463	0.01530208934	0.838983975	0.0583946973	0.1160155302	0.02734954758	0.0001586320756	0.00121630919	1.540576555e-06	8.370976998e-06	685.274212	236.7194133	1.486501623e-15	13287964
0.1977824185	0.0004467338651	0.3371780056	0.2454874674	0.9097965414	26.44157924	0.2753484892	0.0009474135452	0.0001050764463	5.532392718e-06	0.001006775298	819.0496001	188.6474837	8.465386355e-10	13306151
0.04855310503	0.03850638483	10.55505281	0.2004715674	0.0001057883705	0.09865858841	0.02421944701	9.646276939e-05	0.001101623611	0.001759368426	1.336902412e-05	937.552735	95.62317678	2.132270982e-09	13343206
0.5159527965	0.003201668359	0.4599986936	0.6579332247	2.26380341	6.233348487	0.07842023736	0.0005067454218	0.0006303895325	1.597068552e-06	0.001101623611	663.3661291	84.30781034	2.401197258e-09	13418778
0.9474135449	0.5360777245	0.2828869435	0.08561528755	0.0001310092779	0.02454874674	0.1041346611	5.918866086e-05	0.006039989284	5.800171837e-05	1.600667309e-05	179.7907584	58.76118707	1.107072191e-09	13487190
0.6067240388	0.1389048781	0.1886513095	0.7948647819	0.001593477887	0.03304163912	0.02848035868	0.0004156888047	0.008203109232	8.835610429e-06	1.526768588e-06	962.0741056	190.8593592	2.927871485e-11	13816881
0.6759460328	3.885463336	16.2608669	0.444727353	0.0008580820887	0.03259841475	0.0378192237	6.609016748e-05	0.001379700896	0.0007824392631	5.482806671e-06	141.2118691	13.25580688	1.297152689e-06	13821360
0.008056721617	0.0004517898413	0.01020463919	0.1301276244	0.2279141353	1.57210279	0.01199993478	2.539171777e-05	2.022846155e-05	1.298350604e-06	3.230623981e-05	258.3612784	26.98542481	4.541784428e-16	13827754
0.09932702976	2.045740014	0.2945833598	0.006668788144	0.0001094210012	0.001144592844	0.00201829822	1.712484259e-05	0.003991839034	0.0002178817821	4.046114077e-05	665.5639989	22.34536819	4.144297041e-11	13972673
0.3259841475	0.1072267222	4.328761281	0.9097965414	0.0005787131397	0.0537285696	0.07633047188	0.0005607613905	0.003334046495	0.0009452834892	1.086846304e-05	272.8598813	100.461044	1.319077488e-08	14062052
0.0005865816134	0.001202697485	0.006713971172	0.4046114077	8.258687743	2.809831985	0.005409259667	3.542946657e-05	0.0002985886628	1.420668230e-06	0.0001191917879	629.4510977	33.95774115	3.375716166e-14	14080690
0.2734954758	9.139013434	6.851365337	0.03706081418	0.0002632281647	0.005336699231	0.09474135449	2.573695628e-05	0.0008333378626	0.000384198115	2.644157924e-06	107.4131407	38.19027803	2.703699842e-08	14084168
0.0162608669	0.8795925148	7.736829921	0.002965792499	0.0001586320756	0.004358089929	0.001991224534	1.379700895e-05	1.735768054e-05	0.001111586603	1.382809847e-06	495.3794834	51.96228214	4.495032594e-12	14115635
0.02867332161	0.0006122112004	0.4599986936	0.8855520163	3.433044037	32.37903712	0.4725924765	0.0002233436489	3.973909627e-05	3.756471158e-06	0.0001213574581	472.8969738	26.86421918	2.053188381e-10	14217458
0.02644157924	0.0001857022665	0.003511191734	0.08795925148	0.4232417148	1.048402045	0.011216397	0.0001260910502	0.0001181234889	1.298350604e-06	0.0008333378626	608.8123222	388.1928131	4.657094498e-15	14354982
0.3304163912	3.208882843	0.3194470096	0.4270694776	0.00267408357	0.009410377337	0.01925118547	7.396269166e-05	0.009139013434	0.0002120756045	1.689512798e-05	866.647327	286.1522142	4.829794622e-09	14474919
0.02945833598	0.157210279	0.03833343281	0.0003607320674	0.0001011317647	0.00213032443	0.002790922652	0.0002465950529	0.000420393424	5.300784834e-05	4.747247099e-06	478.9771355	70.08975243	7.593347649e-15	14513533
0.1681924325	0.09057101762	0.07633047188	0.4270694776	0.0005113283852	0.02421944701	0.01034338658	1.456281582e-05	0.004101127071	2.213418516e-05	1.385925803e-05	312.5018818	49.96024604	1.521870686e-12	14622147
0.008736731189	0.0001417474163	0.2867332161	0.2848035868	3.798985572	12.92519042	0.1991224534	0.001489431478	0.001043693131	7.581679052e-06	0.004367910237	506.6630545	67.31380884	8.374242203e-10	14655495
0.02573695628	0.0007166836028	0.3237903712	0.3440779892	1.890764071	7.329977462	0.3607320674	0.0002778387181	0.0002959124552	1.009043917e-06	0.0002120756045	632.6691472	150.7709039	3.005757025e-11	14756903
0.8619535665	5.892281407	11.44592844	0.444727353	0.001743599458	0.07736829921	1.1680157	0.0001050764463	0.0007150722937	0.0004091906568	1.597068552e-06	917.3975205	750.0246678	1.124350533e-06	14805421
0.5905558787	5.03335176	1.249609141	0.0778924925	0.000106985646	0.007280648895	0.1224550048	1.009043918e-06	0.0002258713734	7.877405224e-05	2.841632672e-06	190.919741	117.0941762	3.533794396e-10	14832228
0.003216113583	0.0001417474163	0.03304163912	0.3833343281	0.4844394381	1.136890075	0.05300784834	5.433665055e-05	6.219334142e-06	2.331022320e-06	7.650247125e-06	771.1268942	60.90800228	7.622721858e-16	14899406
0.00121630919	0.000183624074	0.001224550048	0.7329977462	0.04768665634	0.01899294783	0.01232846739	7.102600697e-05	0.0001589895294	5.288867158e-06	5.101787732e-06	451.1330355	222.6633097	7.522832793e-19	15124012
0.04299630006	0.0003607320674	0.8561528755	0.7948647819	7.895155785	393.8292042	0.04270694776	5.645607153e-05	9.865858841e-05	2.111230636e-06	0.004367910237	783.4985396	18.15066582	1.812277545e-08	15265816
0.06447393309	4.811793048	2.48825238	0.01991224534	0.0001795372	0.00310934292	0.008561528755	5.384963894e-06	0.0002959124552	0.0008184666304	5.433665058e-06	286.2788043	70.33720917	4.560899323e-10	15566621
0.005826340937	0.0008111308308	0.08855520163	0.537285696	0.4280318151	1.1216397	0.01199993478	5.044693669e-06	3.026484238e-06	1.275181042e-06	4.377752673e-06	521.9214903	13.83432449	5.202331093e-16	15586751
0.003833343281	0.0001516493889	0.01823883387	0.1077105056	5.147927875	0.9538325542	0.009284145445	0.0008503912217	0.0003386992787	8.915518953e-06	0.004289963212	551.2452294	117.7011166	8.480511650e-13	15691132
0.2591133183	0.0004417344703	0.2906317845	0.5826340937	1.544048016	0.7581679052	0.1693319864	0.003689435495	0.0003356635654	1.197295550e-06	0.0001693319864	595.3477248	159.8805861	2.080480943e-11	15814399
0.2848035868	0.4954669186	1.593477887	0.01327905456	0.0001568568255	0.07948647819	0.08975924252	0.0003281927874	0.00117328553	0.001823883387	4.427298533e-05	137.1472962	32.40655796	2.802070189e-08	15826966
0.07895155785	4.064369254	11.44592844	0.05787131396	0.0002054969943	0.00183624074	0.003859315324	0.000157210279	0.0009452834892	0.00542144863	2.248568686e-06	248.5037429	65.4288554	2.300066674e-08	15853306
0.6318100216	0.2919430512	1.751466195	0.06535055299	0.0001551014421	0.1459563096	1.048402045	0.0007247947757	0.007038941104	0.0003180122084	1.586320756e-05	619.057199	323.6451498	9.223944374e-08	16170675
0.6318100216	0.2668071467	0.07329977462	0.002848035868	0.0001678142879	0.002045740014	0.07429639508	9.200932975e-05	0.0001376598935	2.135124799e-05	4.457294800e-06	564.1929705	431.1485845	4.973205642e-14	16356322
0.2389456454	0.07736829921	0.23101297	0.4954669186	0.0001433516635	0.006805257687	0.05090317459	1.704792611e-06	0.001681924325	1.929456515e-06	1.700959751e-06	811.7375769	224.7510105	7.375249138e-14	16466798
0.005229679491	0.0004467338651	0.005945570709	0.1249609141	1.544048016	0.7581679052	0.030061169	0.0001861207188	9.516880666e-05	2.000208501e-06	0.0001479408047	205.9630893	81.33475178	6.182217825e-15	16506158
0.08002502278	6.975852079	0.3326550608	0.3534981105	0.00121630919	0.008446683416	0.001519911083	2.248568686e-05	0.006375240587	0.000545818056	6.108347751e-06	456.7892078	42.57835077	4.437447725e-09	16639346
0.6067240388	3.433044037	2.886759191	0.3885463336	0.007280648895	0.04757944314	0.1364260675	0.0002421944701	0.0006247394411	0.001072267222	9.159606842e-06	537.8364017	333.3786885	1.192946601e-07	16706285
0.1799417603	0.3267187043	3.34908898	0.5300784834	0.0001238409073	0.05671078895	0.2471507182	1.154944447e-06	0.002223404974	2.400237156e-05	5.945570709e-06	671.8710374	132.48871	4.618596587e-10	16747116
0.08915518953	0.0001183896626	0.003964975145	0.0106985646	0.7023115557	1.704792611	0.01681924325	0.002556375421	3.902993693e-05	7.118605354e-06	0.00537285696	956.921193	658.5318088	8.295881373e-14	16750628
0.8277297467	1.955690372	0.3756471158	0.02539171776	0.0004943529677	0.003656367612	0.07842023736	0.00631810022	0.008975924252	0.00395606075	4.631153218e-05	584.9649776	492.8268723	6.510917234e-08	16890486
0.1336902412	0.0002880268933	0.01659362797	0.2389456454	0.8996150162	0.1310092779	0.08056721617	0.001055505281	1.126700291e-05	4.110368351e-06	7.667485819e-05	984.4430697	722.8092497	8.449853073e-15	16893138
0.06108347751	5.03335176	12.24550048	0.05709502145	0.0005787131397	0.04270694776	0.1129239143	0.0002238469206	0.0015371129	0.004328761281	3.656367612e-06	916.9998097	486.01764	9.765124678e-07	16950823
0.9733517067	0.4280318151	0.1991224534	0.8056721617	0.0001568568255	0.008111308308	0.02004715674	8.093071776e-06	0.00593220337	0.0002985886628	9.689798825e-05	296.5370418	76.53461295	4.813273741e-10	17259742
8.389839750e-05	0.000125242495	0.002341539381	0.5905558787	0.7859694571	0.1382809847	0.003371780056	0.0001295431541	0.0004280318151	8.370976998e-06	2.465950529e-05	751.6284589	28.61271515	6.842265617e-17	17414691
0.009865858841	0.0005113283852	0.04270694776	0.1727971825	5.696665556	32.81927872	0.04569030392	2.579495067e-05	1.077105056e-05	2.036551541e-06	0.0005409259667	165.0730501	19.1609664	1.324260278e-12	17473356
0.4507740889	0.9843677577	4.213407181	0.04299630006	0.0001401611222	0.01136890075	0.4358089929	0.0001942529158	0.001091749916	0.00117328553	9.843677577e-06	784.8879459	651.9299615	2.106714517e-08	17699992
0.06360907228	0.0002223404974	0.0444727353	0.7329977462	0.003130409645	0.1208123792	0.01977824185	0.0002686148447	0.0006594157793	1.039005367e-05	3.116349362e-05	580.06599	123.3013171	2.888860301e-15	17787950
0.01763332901	0.0001119117934	0.03046989571	0.1106593895	1.395315863	4.507740889	0.02421944701	0.0001811609193	0.0002704347903	1.540576555e-06	0.004569030392	398.3997551	145.2630827	9.327414318e-13	17854608
0.1091749916	1.219049962	3.216113583	0.002965792499	0.0006053599502	0.03304163912	0.1241199644	0.005067454219	0.009389220126	0.005276976276	0.0001787308059	733.8552127	150.5223583	6.222181902e-07	17894328
0.05056061137	0.01791335491	0.08736731189	0.05409259667	0.0002031972792	0.01727971825	0.02004715674	0.003487562456	0.006149733628	0.0029128668	5.445909014e-05	848.6125891	419.301816	1.260092364e-11	17953675
0.2965792499	0.9955084845	0.2218406125	0.008619535665	0.0001516493889	0.04156888049	0.02772140573	1.554509401e-05	0.001355079607	0.0003417624467	0.0001561523006	934.9260192	176.647505	6.578687842e-10	18139496
0.001873817423	0.0003487562459	0.01249609141	0.2556375422	0.1644490165	0.4538282178	0.09602950541	5.101787733e-05	7.007325591e-05	1.844525455e-06	8.756418114e-06	542.0158834	176.3145862	1.815704806e-16	18286865
0.0003281927873	0.0001964514017	0.001382809847	0.1925118546	5.32470081	1.318969048	0.03833343281	0.003542946659	0.00230493587	0.0003067633834	0.009221665909	845.2459222	310.4492136	1.638162115e-12	18359443
0.838983975	0.1554509401	20.1829822	0.1848681819	0.0004319028991	0.6108347751	1.775280007	0.002000208502	0.00307454629	0.001342934222	2.602823806e-05	825.2002228	368.1733792	5.385196122e-06	18432588
0.2965792499	0.0006191399907	0.2159289388	0.5445909014	0.2384084275	0.9799464547	0.6191399907	0.001938161799	2.154434690e-05	3.566951179e-05	8.314642814e-05	992.4767736	515.6709175	7.081415732e-12	18519399
0.006318100216	0.0001385925803	0.07231652295	0.1091749916	0.2493859287	4.101127071	0.02203476912	0.00101588049	0.001496151465	1.832112348e-05	0.002809831985	596.8889672	50.52989612	1.111375548e-11	18569363
0.003991839034	0.000144974067	0.01530208934	0.4328761281	0.05101787732	0.1561523006	0.05229679491	4.662530664e-05	1.968940758e-05	2.331022320e-06	3.194470096e-06	525.2787564	163.5822104	1.719199754e-17	18592599
0.2203476912	0.0002979173503	0.01704792611	0.7633047188	3.973909627	4.757944314	0.04888206679	0.0003947166396	6.108347751e-06	4.194482597e-05	0.002499478828	803.9334221	266.7803628	5.331072039e-12	18637013
0.005300784834	0.0002816163524	0.02421944701	0.3938292042	0.5182806621	1.091749916	0.006275581282	0.0001878039792	0.003274549163	3.081474323e-06	0.001330897694	349.6469105	46.48545819	5.398382951e-13	18769169
0.1392178795	1.459563096	0.2218406125	0.03558931656	0.003920603142	0.01530208934	0.008446683416	0.0001109087439	0.001006775298	7.264279921e-05	6.928906671e-06	450.9276856	64.22922752	4.218628478e-11	18813557
0.7231652295	5.206190305	0.1886513095	0.001301276244	0.0001355079607	0.005265112129	0.04387617288	1.942529160e-05	0.0001235624776	9.347048299e-05	8.600156491e-06	833.1928759	475.1950404	2.734310929e-11	18846653
0.4507740889	0.006579332247	0.04213407181	0.01364260675	0.0001482741673	0.003807546021	0.02772140573	0.001036669386	0.00201376051	1.689512798e-05	2.443848567e-05	618.8561167	284.6978063	1.036945981e-14	18873465
0.09668013394	0.0001238409073	0.06318100216	0.3304163912	0.02873793267	0.3911788509	0.1027377867	9.910371425e-05	1.600667309e-05	2.893264073e-06	3.172972263e-05	146.7208769	63.76645809	1.947817327e-15	18882156
0.01364260675	0.0006261471985	0.02389456454	0.02573695628	1.101623611	0.6026409666	0.01530208934	0.001189238108	4.467338651e-05	1.832112348e-05	0.0006418434743	565.281323	105.9856348	1.486850728e-13	18980816
0.1062656644	0.2668071467	0.6897785379	0.002626363528	0.0003448533178	0.0378192237	0.04569030392	4.091906568e-05	0.0001202697485	0.0001533657032	2.357404008e-05	827.3523156	173.3377843	7.111677695e-12	19176355
0.0149952282	0.0005470479759	0.003558931656	0.3259841475	0.3158720809	0.04156888049	0.008677935589	0.002620458717	0.002662072882	6.683815266e-06	0.0001803472323	255.9667429	125.7767466	1.078432375e-14	19357274
0.8277297467	2.932602341	1.44974067	0.09036738814	0.0001640792882	0.07038941104	0.2405645734	8.038607806e-06	0.006094614444	0.0002932602341	0.0001139451888	713.4876005	191.2968992	3.689402199e-07	19388513
0.001823883387	0.0001385925803	0.002405645734	0.05709502145	0.1519911083	0.5409259667	0.00747997753	0.0004018884937	0.0004055231393	1.767306310e-05	0.0006247394411	344.2070519	74.95447358	1.797390319e-15	19486313
0.01479408047	0.0008203109232	0.08277297468	0.06623909184	1.348993246	4.954669186	0.05300784834	0.001791335493	0.0006303895325	3.259841475e-05	0.004213407181	351.8374397	56.13047361	1.434559761e-10	19678809
0.5826340937	9.777432557	0.08855520163	0.01811609194	0.0005113283852	0.006447393309	0.0023101297	1.439984347e-06	6.698876250e-05	2.253635501e-05	1.763332901e-06	517.3682284	70.67792618	3.128117311e-12	19700295
0.04988238547	0.6418434743	0.1561523006	0.121630919	0.0006774691767	0.03046989571	0.01704792611	4.965833797e-05	0.004487494301	0.0001050764463	4.110368351e-06	766.4379874	182.4940843	5.544237232e-11	19759186
0.0003859315324	0.0001011317647	0.01848681819	0.07182985427	6.975852079	1.318969048	0.002539171776	2.253635501e-05	6.219334142e-06	1.513084379e-06	0.0001547527298	519.0322007	14.38647643	4.961116684e-16	19902363
0.006233348487	0.0002078227368	0.1938161799	0.3172972263	1.411107556	12.58075616	0.1224550048	0.0001144592844	6.759460328e-05	5.839469730e-06	0.0004599986936	588.8496724	56.0916266	6.939563108e-12	19947819
